   1.0000000e-01   5.5676130e-01   3.9454092e-01   4.8697784e-02   5.8903167e-03
   3.5384615e-01   6.0098334e-01   3.5561946e-01   4.3397208e-02   1.2321502e-02
   6.0769231e-01   6.2525045e-01   3.3572278e-01   3.9026767e-02   1.5626475e-02
   8.6153846e-01   6.3897864e-01   3.2318322e-01   3.7838135e-02   1.7813907e-02
   1.1153846e+00   6.5081194e-01   3.1468658e-01   3.4501480e-02   1.9427094e-02
   1.3692308e+00   6.5973743e-01   3.0246900e-01   3.7793570e-02   2.0684223e-02
   1.6230769e+00   6.6371854e-01   2.9942504e-01   3.6856420e-02   2.1713071e-02
   1.8769231e+00   6.7130904e-01   2.9591084e-01   3.2780126e-02   2.2586999e-02
   2.1307692e+00   6.7785570e-01   2.8797547e-01   3.4168825e-02   2.3325673e-02
   2.3846154e+00   6.8438169e-01   2.8085753e-01   3.4760782e-02   2.3966600e-02
   2.6384615e+00   6.8633320e-01   2.7937811e-01   3.4288688e-02   2.4535752e-02
   2.8923077e+00   6.9045844e-01   2.7680069e-01   3.2740871e-02   2.5050490e-02
   3.1461538e+00   6.9718014e-01   2.7299756e-01   2.9822300e-02   2.5518911e-02
   3.4000000e+00   7.0118224e-01   2.6960403e-01   2.9213729e-02   2.5936167e-02
   3.6538462e+00   7.0283627e-01   2.6583732e-01   3.1326409e-02   2.6307995e-02
   3.9076923e+00   7.0714451e-01   2.6544487e-01   2.7410625e-02   2.6667618e-02
   4.1615385e+00   7.0620991e-01   2.6289807e-01   3.0892019e-02   2.6978651e-02
   4.4153846e+00   7.1170442e-01   2.6070221e-01   2.7593369e-02   2.7290559e-02
   4.6692308e+00   7.1087696e-01   2.6097607e-01   2.8146975e-02   2.7566645e-02
   4.9230769e+00   7.1294164e-01   2.5732756e-01   2.9730801e-02   2.7819837e-02
   5.1769231e+00   7.1794581e-01   2.5536449e-01   2.6689700e-02   2.8076064e-02
   5.4307692e+00   7.1725664e-01   2.5612705e-01   2.6616306e-02   2.8304856e-02
   5.6846154e+00   7.3091127e-01   2.4249830e-01   2.6590432e-02   2.8500776e-02
   5.9384615e+00   7.2296509e-01   2.5118373e-01   2.5851179e-02   2.8729111e-02
   6.1923077e+00   7.2484817e-01   2.4994149e-01   2.5210350e-02   2.8924018e-02
   6.4461538e+00   7.2642452e-01   2.4851922e-01   2.5056257e-02   2.9108712e-02
   6.7000000e+00   7.2767907e-01   2.4752139e-01   2.4799532e-02   2.9284447e-02
   6.9538462e+00   7.2875122e-01   2.4662364e-01   2.4625136e-02   2.9451857e-02
   7.2076923e+00   7.3005101e-01   2.4541124e-01   2.4537752e-02   2.9611623e-02
   7.4615385e+00   7.3137785e-01   2.4433254e-01   2.4289614e-02   2.9764437e-02
   7.7153846e+00   7.3257846e-01   2.4338766e-01   2.4033877e-02   2.9910721e-02
   7.9692308e+00   7.3367030e-01   2.4262520e-01   2.3704501e-02   3.0050928e-02
   8.2230769e+00   7.3480992e-01   2.4146453e-01   2.3725551e-02   3.0185471e-02
   8.4769231e+00   7.3575172e-01   2.4069580e-01   2.3552474e-02   3.0314785e-02
   8.7307692e+00   7.3671208e-01   2.3986468e-01   2.3423239e-02   3.0439177e-02
   8.9846154e+00   7.3778876e-01   2.3905783e-01   2.3153413e-02   3.0559012e-02
   9.2384615e+00   7.3784841e-01   2.3858290e-01   2.3568689e-02   3.0673975e-02
   9.4923077e+00   7.3951072e-01   2.3756863e-01   2.2920646e-02   3.0785945e-02
   9.7461538e+00   7.4029187e-01   2.3685129e-01   2.2856836e-02   3.0893559e-02
   1.0000000e+01   7.4121351e-01   2.3613134e-01   2.2655151e-02   3.0997625e-02
