   1.0000000e-02   6.9563866e-01   2.3085073e-01   7.3510613e-02   2.3355183e-03
   2.0000000e-02   6.6147496e-01   2.2849862e-01   1.1002642e-01   4.5904210e-03
   3.0000000e-02   6.3254626e-01   2.2612866e-01   1.4132508e-01   6.4187726e-03
   4.0000000e-02   6.0763899e-01   2.2381789e-01   1.6854312e-01   8.0108233e-03
   5.0000000e-02   5.8591091e-01   2.2159099e-01   1.9249810e-01   9.4179432e-03
   6.0000000e-02   5.6674761e-01   2.1946016e-01   2.1379223e-01   1.0673403e-02
   7.0000000e-02   5.4969018e-01   2.1742979e-01   2.3288003e-01   1.1802500e-02
   8.0000000e-02   5.3439271e-01   2.1549281e-01   2.5011448e-01   1.2824980e-02
   9.0000000e-02   5.2057438e-01   2.1365177e-01   2.6577384e-01   1.3756514e-02
   1.0000000e-01   5.0802625e-01   2.1188996e-01   2.8008379e-01   1.4609730e-02
   2.0000000e-01   4.2499624e-01   1.9797659e-01   3.7702717e-01   2.0444343e-02
   3.0000000e-01   3.8001400e-01   1.8838097e-01   4.3160502e-01   2.3774884e-02
   5.0000000e-01   3.3099246e-01   1.7560759e-01   4.9339995e-01   2.7594875e-02
   7.0000000e-01   3.0406826e-01   1.6719274e-01   5.2873900e-01   2.9808426e-02
   8.5000000e-01   2.9046388e-01   1.6244581e-01   5.4709031e-01   3.0968152e-02
   1.0000000e+00   2.8011232e-01   1.5856653e-01   5.6132116e-01   3.1873081e-02
   1.4736842e+00   2.5893202e-01   1.4975175e-01   5.9131623e-01   3.3799313e-02
   1.9473684e+00   2.4643604e-01   1.4386756e-01   6.0969640e-01   3.4994848e-02
   2.4210526e+00   2.3804734e-01   1.3955876e-01   6.2239389e-01   3.5829013e-02
   2.8947368e+00   2.3195778e-01   1.3621700e-01   6.3182523e-01   3.6453713e-02
   3.3684211e+00   2.2729799e-01   1.3352134e-01   6.3918067e-01   3.6944310e-02
   3.8421053e+00   2.2359582e-01   1.3128350e-01   6.4512068e-01   3.7342971e-02
   4.3157895e+00   2.2056856e-01   1.2938467e-01   6.5004678e-01   3.7675365e-02
   4.7894737e+00   2.1803775e-01   1.2774536e-01   6.5421689e-01   3.7958128e-02
   5.2631579e+00   2.1588387e-01   1.2631043e-01   6.5780570e-01   3.8202575e-02
   5.7368421e+00   2.1402310e-01   1.2503989e-01   6.6093702e-01   3.8416709e-02
   6.2105263e+00   2.1239590e-01   1.2390412e-01   6.6369998e-01   3.8606369e-02
   6.6842105e+00   2.1095921e-01   1.2287972e-01   6.6616107e-01   3.8775927e-02
   7.1578947e+00   2.0967826e-01   1.2194971e-01   6.6837202e-01   3.8928736e-02
   7.6315789e+00   2.0852738e-01   1.2110053e-01   6.7037209e-01   3.9067409e-02
   8.1052632e+00   2.0748659e-01   1.2032031e-01   6.7219310e-01   3.9194025e-02
   8.5789474e+00   2.0653970e-01   1.1960027e-01   6.7386003e-01   3.9310253e-02
   9.0526316e+00   2.0567369e-01   1.1893283e-01   6.7539348e-01   3.9417458e-02
   9.5263158e+00   2.0487776e-01   1.1831175e-01   6.7681049e-01   3.9516764e-02
   1.0000000e+01   2.0414309e-01   1.1773188e-01   6.7812502e-01   3.9609108e-02
